1 0.4802809495192308 0.7546592362506853 0.0902156038735611 0.1483623798076923
2 0.5990647536057692 0.7860634021560388 0.2900602959985382 0.2300555889423077
3 0.3835637019230769 0.7495203727389 0.2592271149278276 0.24883563701923078
5 0.35868013822115385 0.516558560204641 0.1279006029599853 0.22442157451923084
4 0.6521183894230769 0.5582404531335647 0.15873378403069605 0.1953125
6 0.8807654747596153 0.39836469943358305 0.21697423716426084 0.3849909855769231
7 0.16242863581730774 0.31385894390644986 0.16901151105426643 0.3699669471153846
9 0.24412184495192307 0.14541841768682626 0.3448748401242463 0.13991135817307693
8 0.7906212439903846 0.1779645532614654 0.36543029417138684 0.13333834134615385
10 0.6150277944711539 0.32927553444180524 0.23524575187283028 0.2507136418269231
11 0.4065692608173077 0.2967293988671661 0.24209756988854372 0.27982271634615385
