1 0.4784128289473684 0.8051940573534494 0.08867902798571925 0.11924342105263153
2 0.578125 0.7965564896925026 0.23379016468962333 0.19017269736842102
2 0.3812705592105263 0.762582056892779 0.2188183807439825 0.21998355263157887
5 0.3745888157894737 0.5328227571115973 0.11631924450074854 0.21689967105263158
4 0.6675575657894737 0.5990441091788553 0.10249913624323383 0.23437500000000006
6 0.8967927631578948 0.5034550270643786 0.22227340780836113 0.38445723684210525
7 0.1530633223684211 0.38828745825175637 0.13820108257514685 0.35773026315789475
9 0.2620271381578947 0.20805021306000235 0.41920995047794535 0.16550164473684206
8 0.8279194078947368 0.2984567545779109 0.37199124726477023 0.15624999999999997
10 0.6536800986842105 0.35546470114015893 0.2441552458827594 0.2744654605263158
11 0.43266858552631576 0.3399170793504549 0.2326384890014972 0.3001644736842105
