1 0.47888513513513514 0.7838925329395469 0.10188078803072449 0.10733389639639634
2 0.6183312218468469 0.7174983115262658 0.35028675435282797 0.21994650900900897
3 0.3504363738738739 0.7020444841283469 0.3285369232002014 0.24897944819819817
4 0.6504434121621622 0.49370399624529226 0.16369609762240003 0.24194115990990983
5 0.31744439752252257 0.44791487802923635 0.14881463420218186 0.30176661036036034
6 0.8444362331081081 0.30768570349256497 0.26786634156392736 0.39942286036036034
7 0.1234515765765766 0.31569879918037475 0.2415375985896951 0.36599099099099097
9 0.17183980855855857 0.07530592854608105 0.3331158350218071 0.07918074324324324
8 0.8030862894144144 0.07702302047918314 0.3731813134608559 0.08709881756756757
10 0.622730152027027 0.21553510308275237 0.3159449156907861 0.2718538851351351
11 0.36671241554054057 0.2109561912611468 0.34341838662041957 0.2771326013513513
