1 0.3915452223557693 0.6724374200621231 0.11648090626712956 0.12958233173076922
2 0.5112680288461537 0.6558788598574822 0.2706468116206833 0.2901517427884616
3 0.2807429387019231 0.6730084048967659 0.27864059930568247 0.26761568509615385
5 0.23707932692307696 0.44975333455143435 0.1404622693221268 0.24038461538461536
4 0.5680776742788461 0.46174401607893295 0.15987575369998164 0.22629957932692302
6 0.7901517427884615 0.28302576283573916 0.20212863146354837 0.3493088942307692
8 0.68310546875 0.08146811620683357 0.43280650465923626 0.11925330528846151
9 0.14788348858173078 0.11955558910972611 0.3596976064315732 0.15427351586612653
11 0.2807429387019231 0.19909099214324869 0.2809245386442536 0.2507136418269231
10 0.5131460336538461 0.20822674949753336 0.2774986296363969 0.29578575721153844
