1 0.4619704026442308 0.7301068883610451 0.10734514891284484 0.1305213341346153
2 0.5737116887019231 0.7472364334003289 0.27635665996711134 0.2732496995192308
3 0.3455341045673077 0.706125525306048 0.29462817467568064 0.26010366586538464
5 0.28872445913461536 0.4880093184725014 0.12219075461355744 0.17934945913461536
7 0.07087590144230771 0.33441439795359035 0.14274620866069804 0.3662109375
9 0.15867262620192307 0.13228576649004206 0.3722821121871003 0.09202223557692307
8 0.7065805288461537 0.1711127352457519 0.46249771606066126 0.10892427884615384
6 0.8164438100961539 0.3515439429928741 0.18842499543212138 0.36433293269230765
4 0.6042292668269231 0.5376849990864243 0.12675863329069972 0.19343449519230776
10 0.5469501201923077 0.29501644436323776 0.25694317558925633 0.3089317908653846
11 0.3192420372596154 0.30243924721359405 0.29462817467568064 0.30611478365384615
