1 0.5131460336538461 0.6633016627078385 0.1381783299835556 0.13897235576923078
2 0.6352163461538461 0.6690115110542665 0.2615110542663986 0.22348257211538464
3 0.42347130408653844 0.6461721176685548 0.2626530239356843 0.2666766826923077
4 0.6549353966346154 0.47716060661428833 0.13589439064498446 0.1953125
5 0.39389272836538464 0.46916681892928924 0.14503014799926917 0.1727764423076923
6 0.8220778245192308 0.27274803581216883 0.16558560204640962 0.3004807692307692
8 0.7577561598557692 0.1282888726475425 0.3243193860771057 0.08920522836538461
10 0.6356858473557693 0.2681801571350265 0.25808514525854204 0.2704326923076923
11 0.4126727764423077 0.26646720263109813 0.27978256897496806 0.26761568509615385
9 0.24787785456730768 0.16254796272611002 0.33802302210853274 0.0892052283653846
7 0.18214768629807693 0.2967293988671661 0.1712954503928375 0.27794471153846156
