1 0.46713491586538464 0.8711401425178147 0.1518819660149826 0.13709435096153844
3 0.3460036057692308 0.9053992325963823 0.29577014434496623 0.1483623798076923
2 0.5774676983173077 0.859720445824959 0.2626530239356843 0.2216045673076923
4 0.6122107872596154 0.6678695413849808 0.09364151288141782 0.15963040865384615
5 0.31971153846153844 0.7575141604238992 0.1336104513064133 0.1812274639423077
10 0.5605656550480769 0.4914352274803581 0.232961812534259 0.28076171875
11 0.35022911658653844 0.5513886351178513 0.2375296912114014 0.24977463942307693
9 0.18965970552884617 0.4634569705828614 0.3494427188013886 0.12958233173076922
8 0.7051720252403846 0.36410560935501557 0.39512150557281206 0.11643629807692304
6 0.7939077524038461 0.4874383336378587 0.17928923807783678 0.3624549278846155
7 0.12017352764423078 0.6216197697789148 0.16444363237712406 0.2882737379807692
