1 0.5449984681372548 0.7244823162910025 0.10422393256367958 0.10723039215686281
2 0.6555798100490196 0.6866868242624152 0.26571376214037007 0.21829044117647067
2 0.42484298406862747 0.6958493677844969 0.2817482133040131 0.229779411764706
4 0.6838235294117647 0.5074445666116915 0.13171156312992474 0.2288219975490196
5 0.35303691789215685 0.5074445666116915 0.1901227780831959 0.25371476715686275
7 0.16394761029411767 0.3408008063038299 0.23708081363386477 0.39062499999999994
9 0.21995634191176472 0.1684304562946674 0.3367234744365036 0.11776194852941176
11 0.4267578125 0.2400128275609309 0.24967931097672716 0.25850183823529405
10 0.6373889399509804 0.23428623785962982 0.2840388491845336 0.2489276960784313
8 0.7872242647058824 0.15812259483232546 0.42491295583654026 0.12733609068627452
6 0.873391544117647 0.33335623969213857 0.20043063954553778 0.3552006740196078
