1 0.41548978365384615 0.6952768134478348 0.09935136122784582 0.10329026442307698
2 0.5154935396634615 0.6878540105974785 0.26036908459711305 0.22817758413461536
3 0.3244065504807692 0.6872830257628358 0.2341037822035447 0.24601862980769235
4 0.5685471754807692 0.46802484926000365 0.10848711858213055 0.17653245192307693
5 0.2859074519230769 0.5171295450392838 0.11990681527498628 0.15211838942307698
6 0.7370981069711537 0.3880869724100128 0.18043120774712207 0.29860276442307687
7 0.09716796875 0.37209939704001466 0.19527681344783482 0.2892127403846154
8 0.6910869891826923 0.22935318837931667 0.3288872647542481 0.12019230769230768
9 0.1727576622596154 0.2059428101589622 0.3722821121871002 0.10047325721153845
10 0.5399076021634616 0.3121459894025215 0.29462817467568064 0.250713641826923
11 0.30187049278846156 0.30358121688287965 0.2843504476521103 0.25728665865384615
