1 0.5051087432491607 0.5999540441176471 0.08042279411764708 0.15472193840315288
2 0.6284484016931835 0.5832950367647058 0.19416360294117652 0.29046854473799444
3 0.37739016202014297 0.5804227941176471 0.20335477941176472 0.3065245949496425
4 0.653992117938987 0.4322150735294118 0.10569852941176472 0.23062326667639774
5 0.33433075463435996 0.44083180147058826 0.08961397058823528 0.2320829076047293
6 0.859071668369581 0.3115808823529412 0.1551011029411764 0.3911837687928769
7 0.14749671580791124 0.3041130514705882 0.14935661764705888 0.38972412786454536
8 0.819661363304627 0.17084099264705882 0.21024816176470584 0.12698876076485183
9 0.18179827762370454 0.17313878676470587 0.20795036764705888 0.10655378776820901
10 0.6488833746898263 0.24551930147058823 0.19186580882352944 0.31382279959130055
11 0.36425339366515835 0.25011488970588236 0.23322610294117652 0.29922639030798426
