1 0.4553973858173077 0.6661565868810525 0.08450575552713324 0.10047325721153855
2 0.5596266526442308 0.6461721176685548 0.25123332724282843 0.1483623798076923
3 0.3591496394230769 0.6341814361410562 0.2295359035264024 0.16808143028846156
4 0.6061072716346154 0.4965740909921433 0.08793166453498996 0.16526442307692307
5 0.3093825120192308 0.47544765211036 0.0947834825507034 0.18686147836538458
6 0.745079627403846 0.3658185638589439 0.1518819660149826 0.2882737379807693
7 0.17557466947115383 0.3441211401425178 0.12790060295998537 0.2826397235576923
8 0.6906174879807693 0.21279462817467573 0.2683628722821123 0.08920522836538461
9 0.237548828125 0.1990909921432487 0.2672209026128266 0.09859525240384615
10 0.5619741586538461 0.28759364151288147 0.2112643888178331 0.20845853365384617
11 0.3713566706730769 0.2767449296546684 0.2478074182349716 0.22817758413461536
