1 0.48668323863636365 0.6302800734618916 0.15840220385674922 0.13514046717171713
2 0.5951901830808081 0.6641414141414143 0.2800734618916437 0.2623895202020202
3 0.34019886363636365 0.6509412304866852 0.32024793388429756 0.28902304292929293
4 0.6346472537878788 0.4862258953168044 0.11248852157943076 0.1736111111111111
5 0.3214567550505051 0.4362947658402204 0.12741046831955924 0.20221748737373735
6 0.8240411931818182 0.28879706152433426 0.1744719926538109 0.32946654040404044
7 0.16362847222222218 0.23197887970615247 0.14348025711662077 0.3422900883838384
8 0.7382220643939394 0.15679522497704315 0.3604224058769515 0.1223169191919192
9 0.23958333333333334 0.0787419651056015 0.272038567493113 0.09075126262626262
10 0.5838462752525252 0.2675619834710744 0.26285583103764926 0.25745738636363635
11 0.37571022727272724 0.24001377410468325 0.23071625344352614 0.3107244318181819
