1 0.524126838235294 0.5919117647058825 0.10914522058823528 0.17922794117647067
2 0.6470588235294117 0.624655330882353 0.2607996323529411 0.33892463235294124
3 0.39774816176470584 0.607421875 0.24701286764705888 0.36649816176470595
4 0.7108226102941176 0.43566176470588236 0.07582720588235303 0.1769301470588236
5 0.33743106617647056 0.39717371323529416 0.09420955882352944 0.18267463235294118
6 0.9221335018382353 0.26345624866794554 0.15377987132352944 0.3788779438405795
7 0.10592830882352938 0.24839154411764705 0.17348345588235292 0.37224264705882354
8 0.8342428768382353 0.10925782442626703 0.32956112132352944 0.12201743938276004
9 0.17486213235294118 0.10822610294117646 0.29986213235294124 0.10340073529411764
10 0.6372931985294118 0.22311580882352938 0.24586397058823528 0.33777573529411764
11 0.36960018382352944 0.21852022058823528 0.28952205882352944 0.3492647058823529
