1 0.5244140625 0.7410987705105352 0.12112070935600355 0.1263786764705883
2 0.6287722120098039 0.725101695689931 0.2788061611591024 0.22786458333333343
3 0.39564185049019607 0.7119612413730061 0.2845194021664609 0.25945925245098045
4 0.6747280943627452 0.5102838338132456 0.1348324877736642 0.22977941176470595
5 0.34011182598039214 0.47943233237350885 0.15882810000457057 0.25275735294117646
6 0.8920611213235294 0.3183189359659948 0.2102472690707986 0.38105085784313725
7 0.13331035539215688 0.3011792129439188 0.19539284245166602 0.38105085784313725
8 0.7762140012254901 0.1480643539467069 0.3793592028886145 0.12446384803921569
9 0.2108609068627451 0.15377759495406554 0.4170665935371818 0.11106004901960784
10 0.6407398897058824 0.27889757301522006 0.30965766259883915 0.2958409926470588
11 0.3855890012254902 0.2766122766122766 0.3062297179944239 0.3015854779411764
