1 0.5325520833333333 0.6951426086160325 0.14764455431946163 0.10036892361111116
2 0.6419632523148149 0.6390605686032138 0.2826992629217597 0.21430121527777773
3 0.3946578414351852 0.6276152543148835 0.33878130293457853 0.21972656250000006
4 0.6867223668981481 0.46566405713500886 0.11445314288330359 0.2170138888888889
5 0.34763816550925924 0.43819530284301605 0.13047658288696606 0.23328993055555552
6 0.8720883969907407 0.2985624685253857 0.20601565718994624 0.3273292824074074
7 0.1722186053240741 0.26365425994597813 0.19228128004394998 0.36259403935185186
8 0.792064525462963 0.10628118848143572 0.4269102229547224 0.12116608796296297
9 0.23551432291666669 0.1028475941949366 0.35251568008057493 0.1446759259259259
10 0.646484375 0.20585542278990981 0.28269926292175995 0.28754340277777773
11 0.4009874131944445 0.20127729707457764 0.3410703657922447 0.30201099537037035
