1 0.46809374637428935 0.568359375 0.11948529411764697 0.16127160923541023
2 0.5939784197702749 0.6200597426470589 0.23322610294117652 0.30978071702053617
3 0.3369880496577329 0.5959329044117647 0.26884191176470595 0.3004988977839657
4 0.6514096762965542 0.46668198529411764 0.10569852941176472 0.11138183083884447
5 0.302181227520594 0.4213005514705882 0.10110294117647056 0.11950342267084349
6 0.8382062884325328 0.32938878676470584 0.18382352941176472 0.3167420814479638
7 0.12350620721661441 0.2535615808823529 0.1654411764705882 0.3654716324399583
8 0.788316510035967 0.1788832720588235 0.3423713235294119 0.0870170553428472
9 0.18441814595660747 0.11052389705882351 0.31135110294117646 0.12762501450284258
10 0.6276250145028426 0.2535615808823529 0.26769301470588236 0.3747534516765286
11 0.34336930038287505 0.23805147058823528 0.2952665441176471 0.4060795915999536
