1 0.60986328125 0.7204001461721177 0.10620317924355926 0.12958233173076927
2 0.7253605769230769 0.6878540105974785 0.2866343869906816 0.2356896033653847
3 0.48779296874999994 0.7021286314635484 0.29805408368353736 0.2535306490384615
4 0.7389761117788463 0.47544765211036 0.1256166636214143 0.2187875600961539
5 0.42159329927884615 0.4771606066142884 0.13932029965284132 0.18967848557692307
6 0.9310021033653846 0.25390553626895673 0.13589439064498446 0.39156400240384615
7 0.19764122596153846 0.32356568609537734 0.2181162068335465 0.3840519831730769
8 0.8371018629807693 0.050063950301480024 0.3620043851635301 0.08075420673076923
9 0.26712740384615385 0.13000182715147088 0.40768317193495335 0.12394831730769229
10 0.6854529747596154 0.2070847798282478 0.26950484195139773 0.3070537860576923
11 0.445068359375 0.20765576466289057 0.31746756806139237 0.30423677884615385
