1 0.46036305147058826 0.7975643382352942 0.09191176470588236 0.12408088235294112
2 0.5677849264705882 0.7665441176470589 0.2355238970588236 0.24816176470588236
3 0.34374999999999994 0.771139705882353 0.21254595588235292 0.2826286764705882
4 0.6120174632352942 0.5924862132352942 0.08731617647058831 0.20565257352941185
5 0.30066636029411764 0.6016773897058824 0.12178308823529416 0.210248161764706
6 0.7855009191176471 0.4213005514705882 0.1470588235294119 0.38028492647058826
7 0.09329044117647056 0.4396829044117648 0.17118566176470584 0.3940716911764707
8 0.6999080882352942 0.28515625 0.3251378676470589 0.13556985294117646
9 0.1771599264705882 0.31100643382352944 0.31594669117647056 0.13442095588235298
10 0.5597426470588236 0.38740808823529416 0.2447150735294118 0.31020220588235303
11 0.3138786764705882 0.3885569852941177 0.25390625 0.2964154411764707
