1 0.46151194852941174 0.4597886029411765 0.11488970588235292 0.1332720588235295
2 0.5741038602941176 0.4678308823529412 0.22288602941176472 0.2757352941176471
3 0.3581112132352941 0.4638097426470589 0.22977941176470595 0.26539522058823534
4 0.6189108455882353 0.30124080882352944 0.08731617647058831 0.13786764705882354
5 0.3092830882352941 0.2926240808823529 0.08157169117647067 0.1642922794117647
6 0.7981387867647058 0.16337316176470587 0.15625 0.3193933823529412
7 0.12775735294117646 0.1725643382352941 0.15969669117647067 0.28722426470588236
8 0.7349494485294118 0.036420036764705864 0.30790441176470584 0.0700827205882353
9 0.17141544117647053 0.04905790441176469 0.295266544117647 0.09535845588235295
10 0.5913373161764706 0.138671875 0.22748161764705888 0.26769301470588236
11 0.336282169117647 0.1369485294117647 0.2826286764705882 0.2688419117647059
