1 0.4781709558823529 0.6326976102941178 0.09076286764705888 0.13671875
2 0.580422794117647 0.6217830882352942 0.2148437499999999 0.23897058823529416
3 0.36155790441176466 0.614889705882353 0.2435661764705882 0.2527573529411765
4 0.6286764705882353 0.4592141544117647 0.09995404411764719 0.18727022058823528
5 0.33455882352941174 0.4632352941176471 0.09306066176470595 0.1769301470588236
6 0.8400735294117647 0.3127297794117647 0.18267463235294112 0.3561580882352941
7 0.14613970588235292 0.3092830882352941 0.14820772058823528 0.35845588235294124
8 0.7395450367647058 0.17658547794117646 0.3699448529411766 0.12752757352941174
9 0.22254136029411764 0.17658547794117646 0.31709558823529416 0.15050551470588236
10 0.6034007352941176 0.26217830882352944 0.25850183823529416 0.32169117647058826
11 0.353515625 0.2621783088235294 0.25045955882352944 0.32628676470588236
