1 0.347412109375 0.7495203727389002 0.09820939155856012 0.08544921875
2 0.469482421875 0.6992737072903343 0.3014799926913941 0.2206655649038462
3 0.24365234375 0.706125525306048 0.252375296912114 0.22066556490384615
4 0.5201885516826923 0.4840124246300019 0.11648090626712956 0.2478966346153847
5 0.19623272235576925 0.5074228028503563 0.12561666362141422 0.2432016225961539
6 0.713623046875 0.3538278823314453 0.19641878311712052 0.3605769230769231
8 0.6356858473557692 0.1728256897496803 0.3311712040928194 0.10610727163461538
9 0.12722543569711536 0.16701408072322668 0.30945094098300746 0.07776985090090731
10 0.48450646033653844 0.264183263292527 0.29006029599853833 0.2582256610576923
11 0.23660982572115385 0.25847341494609904 0.3037639320299652 0.2601036658653846
