1 0.6075157752403846 0.8991183994153116 0.1187648456057007 0.11925330528846156
2 0.7281775841346154 0.8505846884706743 0.29348620500639505 0.24038461538461542
3 0.4812199519230769 0.843161885620318 0.3094737803763931 0.2544696514423077
4 0.7901517427884615 0.6296135574639139 0.11077105792070156 0.22817758413461547
5 0.43802584134615385 0.6199068152749864 0.12904257262927102 0.2197265625000001
7 0.22768930288461542 0.4931481819842865 0.252375296912114 0.40001502403846156
8 0.8610182542067308 0.2629913277078112 0.3356705645898045 0.08161103862525557
9 0.30421799879807687 0.261328339119313 0.4430842316828065 0.12582632211538458
10 0.7234825721153846 0.41892015348072353 0.25922711492782746 0.30423677884615385
11 0.4676044170673077 0.3618216700164444 0.3334551434313904 0.31550480769230765
