1 0.5557215073529411 0.585592830882353 0.10340073529411764 0.1275275735294118
2 0.6740579044117647 0.5809972426470589 0.2251838235294117 0.2240349264705883
3 0.4385340073529411 0.5712316176470589 0.24126838235294112 0.2573529411764706
4 0.7154181985294117 0.4241727941176471 0.10799632352941169 0.19761029411764713
5 0.38798253676470584 0.4230238970588236 0.10569852941176472 0.19531250000000006
6 0.9084329044117647 0.27079503676470584 0.17693014705882337 0.3366268382352941
7 0.1771599264705882 0.3041130514705882 0.1849724264705883 0.31135110294117646
8 0.8216911764705882 0.1335018382352941 0.3435202205882353 0.1011029411764706
9 0.2535615808823529 0.18175551470588236 0.35386029411764697 0.11948529411764705
10 0.6625689338235293 0.2300091911764706 0.2527573529411764 0.2803308823529412
11 0.404641544117647 0.23517922794117646 0.2562040441176471 0.29986213235294124
