1 0.5396369485294118 0.6723345588235294 0.10569852941176472 0.1263786764705882
2 0.666015625 0.6619944852941178 0.24126838235294112 0.2619485294117647
3 0.4235983455882353 0.6482077205882353 0.24586397058823528 0.28722426470588236
4 0.7303538602941176 0.47472426470588236 0.11948529411764697 0.2205882352941177
6 0.9324735753676471 0.30607064963536645 0.13309972426470584 0.42002781837632597
5 0.37419577205882354 0.45059742647058826 0.11488970588235292 0.2527573529411765
7 0.1380974264705882 0.28400735294117646 0.1941636029411764 0.40670955882352944
8 0.8234145220588235 0.12603400735294118 0.3423713235294119 0.12293198529411767
9 0.23690257352941174 0.12948069852941174 0.3687959558823529 0.14361213235294118
10 0.6849724264705883 0.24781709558823528 0.24701286764705888 0.3527113970588236
11 0.40234375 0.24322150735294118 0.30905330882352944 0.3596047794117647
