1 0.3422475961538462 0.6027772702357026 0.0902156038735611 0.09765625
2 0.43990384615384615 0.5953544673853463 0.23410378220354458 0.1962515024038462
3 0.24412184495192307 0.5879316645349899 0.23067787319568786 0.2197265625
4 0.47276893028846156 0.4206331079846519 0.09706742188927468 0.16620342548076922
5 0.21454326923076927 0.4252009866617943 0.10163530056641698 0.16244741586538458
6 0.6554048978365385 0.2653252329618126 0.18043120774712235 0.3220778245192307
7 0.058208759014423066 0.2703585784761557 0.14158139959802668 0.3213123497596154
8 0.5563401442307692 0.11629819112004389 0.3871277178878129 0.11455829326923075
9 0.1229999248798077 0.12603618507678915 0.2991732139594373 0.10417787231812893
10 0.44835486778846156 0.20822674949753336 0.2774986296363969 0.2544696514423077
11 0.20703125 0.20822674949753336 0.29120226566782376 0.26198167067307687
