1 0.5149356617647058 0.5281479779411765 0.08386948529411764 0.12293198529411775
2 0.6114430147058824 0.5361902573529411 0.20335477941176472 0.21024816176470595
3 0.40808823529411764 0.5206801470588236 0.21254595588235303 0.2573529411764707
4 0.6539522058823529 0.39889705882352944 0.12982536764705865 0.16773897058823534
5 0.37879136029411764 0.36787683823529416 0.09420955882352944 0.1516544117647059
6 0.8779871323529411 0.2633272058823529 0.15280330882352944 0.32628676470588236
7 0.177734375 0.23345588235294118 0.16773897058823528 0.2849264705882353
8 0.7964154411764707 0.1237362132352941 0.3596047794117647 0.1022518382352941
9 0.2581571691176471 0.11454503676470587 0.3010110294117647 0.10684742647058824
10 0.6361443014705883 0.21449908088235292 0.24126838235294124 0.29296875
11 0.39659926470588236 0.21105238970588236 0.23782169117647056 0.2952665441176471
