1 0.5591571514423077 0.9002603690845972 0.18842499543212138 0.14178936298076916
2 0.6995380108173077 0.8642883245021012 0.3220354467385345 0.2178485576923077
3 0.42900137312723613 0.8761648090626714 0.2715359545166758 0.20169771634615374
4 0.7619816706730769 0.7181162068335465 0.12675863329069972 0.18028846153846156
5 0.3938927283653846 0.7181162068335465 0.1381783299835556 0.20282451923076922
7 0.18214768629807696 0.4988580303307144 0.18728302576283573 0.40752704326923084
8 0.8493088942307692 0.31728485291430664 0.346016809793532 0.12019230769230765
9 0.29294996995192313 0.288735611182167 0.44993604969852 0.1220703125
10 0.7056415264423077 0.47030878859857483 0.31632559839210656 0.3342848557692308
11 0.4427208533653846 0.45317924355929107 0.31175771971496435 0.35869891826923084
