1 0.41736778846153844 0.8602914306596019 0.10163530056641698 0.12676532451923073
2 0.5145545372596154 0.8620043851635302 0.2283939338571167 0.2197265625
3 0.3089130108173077 0.8408779462817468 0.2717887812899689 0.2582256610576923
4 0.5572791466346154 0.7106934039831903 0.11990681527498628 0.1605694110576923
5 0.2821514423076923 0.675292344235337 0.10848711858213042 0.16620342548076927
6 0.7704326923076923 0.5502466654485657 0.2478074182349716 0.35682091346153844
7 0.10514948918269232 0.4960031061575005 0.1598757536999817 0.3314678485576924
8 0.7131535456730769 0.39550977526036907 0.38484377854924173 0.11174128605769229
9 0.16759314903846156 0.33669833729216153 0.3094737803763932 0.09765625
10 0.5211275540865385 0.5017129545039284 0.2489493879042573 0.24507962740384626
11 0.29811448317307687 0.4651699250867897 0.28206650831353913 0.3051757812500001
