1 0.568359375 0.6309742647058825 0.09880514705882348 0.13556985294117652
2 0.6591222426470588 0.6079963235294118 0.1746323529411764 0.23667279411764713
3 0.44198069852941174 0.6011029411764706 0.26884191176470595 0.2642463235294118
4 0.7033547794117646 0.42761948529411764 0.10914522058823528 0.25505514705882354
5 0.37879136029411764 0.412109375 0.1263786764705883 0.2355238970588236
6 0.9273035386029411 0.29612166988808375 0.14343979779411775 0.387076513165009
7 0.16222426470588236 0.27941176470588236 0.19186580882352944 0.3952205882352941
9 0.22254136029411764 0.11109834558823528 0.33547794117647056 0.12293198529411764
10 0.7068014705882353 0.2035845588235294 0.30675551470588225 0.3469669117647059
11 0.3902803308823529 0.19726562499999997 0.3125 0.35041360294117646
