1 0.4558668870192307 0.708980449479262 0.10620317924355926 0.11080228365384615
2 0.5718336838942308 0.7021286314635484 0.2854924173213959 0.24038461538461542
3 0.3394305889423077 0.6827151470856935 0.2774986296363969 0.26667668269230776
4 0.628173828125 0.49942901516535726 0.1050612095742737 0.15305739182692307
5 0.30280949519230765 0.48858030330714414 0.11990681527498628 0.16338641826923078
6 0.817852313701923 0.32470765576466293 0.19185090443997796 0.3464918870192307
7 0.13097205528846156 0.2784578841585968 0.17928923807783664 0.3474308894230769
8 0.7586951622596154 0.148844326694683 0.3266033254156768 0.08732722355769229
9 0.2013972355769231 0.09802667641147456 0.3163255983921067 0.08638822115384616
10 0.5971867487980769 0.3150009135757354 0.29919605335282295 0.31738281249999994
11 0.35116811899038464 0.2824547780010963 0.29234423533710935 0.3558819110576923
