1 0.4370868389423077 0.6667275717156953 0.13132651196784215 0.1258263221153847
2 0.5568096454326923 0.618193860771058 0.31289968938424995 0.25822566105769235
3 0.3690091646634615 0.6775762835739083 0.1918509044399781 0.22254356971153855
4 0.646953876201923 0.45717613740179064 0.18728302576283565 0.21503155048076922
5 0.37464317908653844 0.4811575004567879 0.14617211766855476 0.21690955528846156
6 0.8488393930288461 0.25047962726109996 0.19185090443997796 0.30329777644230765
7 0.12674654447115385 0.31328795907180707 0.1918509044399781 0.3333458533653846
8 0.7854567307692307 0.08546501004933313 0.37114014251781474 0.07887620192307693
9 0.24130483774038464 0.13171478165539927 0.48191120043851643 0.12676532451923075
10 0.6267653245192307 0.22935318837931665 0.2363877215421157 0.26479867788461536
11 0.4056302584134615 0.21564955234788966 0.28777635665996704 0.2967247596153846
