1 0.4408428485576923 0.6918509044399781 0.1130549972592727 0.17653245192307704
2 0.5539926382211539 0.6810021925817651 0.2877763566599672 0.28263972355769235
3 0.3305100661057692 0.6792892380778366 0.2535172665813996 0.2817007211538462
4 0.6023512620192307 0.4674538644253608 0.1336104513064133 0.17559344951923078
5 0.2952974759615385 0.48686734880321586 0.12447469395212858 0.1680814302884615
6 0.8089317908653846 0.30129727754430846 0.23638772154211585 0.33240685096153844
7 0.07650991586538464 0.3075781107253792 0.15873378403069618 0.33334585336538464
8 0.7469576322115384 0.12943084231682808 0.3802758998720993 0.09483924278846152
9 0.16148963341346154 0.13114379682075647 0.3745660515256714 0.07324218749999997
10 0.5737116887019231 0.288735611182167 0.29234423533710935 0.28170072115384615
11 0.3272235576923077 0.2818837931664535 0.3026219623606798 0.29860276442307687
